

Running 10 tests on 1 threads.
0.001113
0.000748
0.000989
0.000746
0.000745
0.000747
0.000863
0.000733
0.000752
0.000733


Running 10 tests on 2 threads.
0.000397
0.000419
0.000420
0.000426
0.000466
0.000426
0.000454
0.000445
0.000486
0.000416


Running 10 tests on 3 threads.
0.000312
0.000315
0.000369
0.000320
0.000316
0.000329
0.000304
0.000285
0.000306
0.000314


Running 10 tests on 4 threads.
0.000274
0.000267
0.000292
0.000264
0.000255
0.000232
0.000269
0.000340
0.000250
0.000271


Running 10 tests on 5 threads.
0.001829
0.000208
0.000219
0.000190
0.000219
0.000248
0.000259
0.000274
0.000181
0.000234


Running 10 tests on 6 threads.
0.000210
0.000194
0.000211
0.000192
0.000195
0.000180
0.000213
0.000232
0.000238
0.000196


Running 10 tests on 7 threads.
0.000180
0.000191
0.000169
0.000185
0.000175
0.000207
0.000231
0.000184
0.000217
0.000195


Running 10 tests on 8 threads.
0.001097
0.000182
0.000165
0.000151
0.000159
0.000141
0.000179
0.000165
0.000160
0.000148


Running 10 tests on 9 threads.
0.000129
0.000171
0.000148
0.000158
0.000156
0.000165
0.000167
0.000156
0.000164
0.000166


Running 10 tests on 10 threads.
0.000155
0.000222
0.000149
0.000154
0.000155
0.000154
0.000168
0.000150
0.000156
0.000154


Running 10 tests on 20 threads.
0.000133
0.000095
0.000112
0.000090
0.000117
0.000111
0.000182
0.000114
0.000115
0.000124


Running 10 tests on 50 threads.
0.000092
0.000094
0.000102
0.000089
0.000103
0.000096
0.000091
0.000097
0.000095
0.000087


Running 10 tests on 100 threads.
0.000170
0.000166
0.000177
0.000153
0.000160
0.000155
0.000144
0.000151
0.000162
0.000139
